1.8000000e+03      -7.5580277453e+01 
1.8043258e+03      -7.5638369380e+01 
1.8063269e+03      -7.5659629263e+01 
1.8066847e+03      -7.5675499409e+01 
1.8063995e+03      -7.5680204395e+01 
1.8050676e+03      -7.5683904174e+01 
1.8046048e+03      -7.5679736226e+01 
1.8044326e+03      -7.5684382979e+01 
1.8043584e+03      -7.5681654129e+01 
1.8041729e+03      -7.5689685869e+01 
1.8033867e+03      -7.5683775941e+01 
1.8015248e+03      -7.5679184646e+01 
1.8021141e+03      -7.5680798113e+01 
1.8013007e+03      -7.5683307180e+01 
1.8013763e+03      -7.5688742980e+01 
1.8010796e+03      -7.5680270705e+01 
1.8010548e+03      -7.5682430103e+01 
1.8007264e+03      -7.5684483449e+01 
1.8016212e+03      -7.5694734463e+01 
1.8002868e+03      -7.5689356507e+01 
1.7995038e+03      -7.5680159874e+01 
1.7996857e+03      -7.5682859001e+01 
1.7988070e+03      -7.5685159110e+01 
1.7998171e+03      -7.5685956986e+01 
1.7980938e+03      -7.5692025533e+01 
1.7986142e+03      -7.5682653234e+01 
1.7980278e+03      -7.5682766507e+01 
1.7985285e+03      -7.5681846940e+01 
1.7983754e+03      -7.5689532849e+01 
1.7978288e+03      -7.5683420096e+01 
1.7986398e+03      -7.5685072472e+01 
1.7987784e+03      -7.5689031411e+01 
1.7983966e+03      -7.5682275978e+01 
1.7980478e+03      -7.5679722038e+01 
1.7984184e+03      -7.5684025094e+01 
1.7979932e+03      -7.5684122097e+01 
1.7978305e+03      -7.5683019199e+01 
1.7979305e+03      -7.5684483344e+01 
1.7984028e+03      -7.5686617106e+01 
1.7979375e+03      -7.5685206029e+01 
1.7979608e+03      -7.5683995804e+01 
1.7980758e+03      -7.5682197312e+01 
1.7977103e+03      -7.5685621066e+01 
1.7980873e+03      -7.5686471164e+01 
1.7981390e+03      -7.5684061074e+01 
1.7980091e+03      -7.5688927098e+01 
1.7974349e+03      -7.5681511042e+01 
1.7976360e+03      -7.5676477698e+01 
1.7972447e+03      -7.5680590560e+01 
1.7971073e+03      -7.5681696772e+01 
1.7969334e+03      -7.5679096330e+01 
1.7974192e+03      -7.5680322436e+01 
1.7967412e+03      -7.5679354215e+01 
1.7980057e+03      -7.5688146018e+01 
1.7976024e+03      -7.5682829992e+01 
1.7968155e+03      -7.5670866570e+01 
1.7974000e+03      -7.5677323725e+01 
1.7973728e+03      -7.5686589631e+01 
1.7971575e+03      -7.5689820280e+01 
1.7971504e+03      -7.5682466241e+01 
1.7970219e+03      -7.5681164208e+01 
1.7971347e+03      -7.5677947703e+01 
1.7968936e+03      -7.5682146895e+01 
1.7970770e+03      -7.5685709205e+01 
1.7962621e+03      -7.5686941657e+01 
1.7976980e+03      -7.5686037309e+01 
1.7975884e+03      -7.5686944401e+01 
1.7970166e+03      -7.5676878367e+01 
1.7975676e+03      -7.5680688041e+01 
1.7973283e+03      -7.5680194760e+01 
1.7979835e+03      -7.5685104249e+01 
1.7970572e+03      -7.5679954271e+01 
1.7973156e+03      -7.5683673960e+01 
1.7975022e+03      -7.5685800556e+01 
1.7980394e+03      -7.5690873830e+01 
1.7981843e+03      -7.5682249615e+01 
1.7969752e+03      -7.5680194329e+01 
1.7969676e+03      -7.5683896125e+01 
1.7967565e+03      -7.5681331557e+01 
1.7970418e+03      -7.5686535334e+01 
1.7974308e+03      -7.5682540821e+01 
1.7968390e+03      -7.5685950560e+01 
1.7967136e+03      -7.5676346133e+01 
1.7969923e+03      -7.5685372643e+01 
1.7973453e+03      -7.5681613103e+01 
1.7973457e+03      -7.5685012194e+01 
1.7970913e+03      -7.5686515969e+01 
1.7972723e+03      -7.5685464810e+01 
1.7973880e+03      -7.5683671370e+01 
1.7968302e+03      -7.5682202737e+01 
1.7970875e+03      -7.5685766516e+01 
1.7974537e+03      -7.5682485940e+01 
1.7964873e+03      -7.5681193938e+01 
1.7972057e+03      -7.5680881556e+01 
1.7977877e+03      -7.5684085059e+01 
1.7977184e+03      -7.5684893443e+01 
1.7974307e+03      -7.5680512467e+01 
1.7963313e+03      -7.5679055528e+01 
1.7967355e+03      -7.5681758657e+01 
1.7967516e+03      -7.5684003016e+01 
1.7964387e+03      -7.5681798040e+01 
1.7975141e+03      -7.5685353497e+01 
1.7976328e+03      -7.5680931157e+01 
1.7964517e+03      -7.5678216133e+01 
1.7967375e+03      -7.5677761437e+01 
1.7974835e+03      -7.5683608927e+01 
1.7975645e+03      -7.5681656378e+01 
1.7970870e+03      -7.5687171232e+01 
1.7981062e+03      -7.5681083449e+01 
1.7972859e+03      -7.5676511831e+01 
1.7972694e+03      -7.5686426526e+01 
1.7976138e+03      -7.5681818926e+01 
1.7964683e+03      -7.5679834566e+01 
1.7970369e+03      -7.5683453421e+01 
1.7970542e+03      -7.5683080670e+01 
1.7979202e+03      -7.5683541838e+01 
1.7975504e+03      -7.5682209486e+01 
1.7972412e+03      -7.5684518464e+01 
1.7977088e+03      -7.5688708957e+01 
1.7968786e+03      -7.5681527568e+01 
1.7966799e+03      -7.5682136184e+01 
1.7971609e+03      -7.5680579779e+01 
1.7969000e+03      -7.5677485382e+01 
1.7965563e+03      -7.5678261968e+01 
1.7965625e+03      -7.5684362043e+01 
1.7968743e+03      -7.5680544800e+01 
1.7960702e+03      -7.5685269782e+01 
1.7980692e+03      -7.5688188168e+01 
1.7963181e+03      -7.5681301547e+01 
1.7972952e+03      -7.5680762906e+01 
1.7970834e+03      -7.5681905939e+01 
1.7971114e+03      -7.5681646349e+01 
1.7976429e+03      -7.5682579480e+01 
1.7977518e+03      -7.5677450691e+01 
1.7969894e+03      -7.5676610292e+01 
1.7964682e+03      -7.5681306300e+01 
1.7985490e+03      -7.5680384923e+01 
1.7962882e+03      -7.5681215601e+01 
1.7972466e+03      -7.5683488977e+01 
1.7960695e+03      -7.5682934218e+01 
1.7972974e+03      -7.5687535236e+01 
1.7972107e+03      -7.5688220816e+01 
1.7981902e+03      -7.5688270437e+01 
1.7976018e+03      -7.5692768107e+01 
1.7981504e+03      -7.5690336353e+01 
1.7968625e+03      -7.5682726242e+01 
1.7975570e+03      -7.5680652377e+01 
1.7976798e+03      -7.5679327263e+01 
1.7979012e+03      -7.5681575549e+01 
1.7974572e+03      -7.5676034214e+01 
1.7976531e+03      -7.5682913647e+01 
1.7980200e+03      -7.5687059360e+01 
1.7972710e+03      -7.5687422793e+01 
1.7980011e+03      -7.5682897868e+01 
1.7974016e+03      -7.5681087272e+01 
1.7977369e+03      -7.5682951631e+01 
1.7971983e+03      -7.5681376604e+01 
1.7973226e+03      -7.5683754265e+01 
1.7975763e+03      -7.5679315841e+01 
1.7961138e+03      -7.5677417840e+01 
1.7969993e+03      -7.5680238032e+01 
1.7978245e+03      -7.5682283254e+01 
1.7977103e+03      -7.5684785839e+01 
1.7963971e+03      -7.5684797609e+01 
1.7970729e+03      -7.5680717388e+01 
1.7980559e+03      -7.5682344071e+01 
1.7967161e+03      -7.5679669001e+01 
1.7966484e+03      -7.5679742857e+01 
1.7972377e+03      -7.5682995761e+01 
1.7967076e+03      -7.5682996416e+01 
1.7970693e+03      -7.5686783024e+01 
1.7972669e+03      -7.5690346229e+01 
1.7963825e+03      -7.5679341075e+01 
1.7967775e+03      -7.5679017831e+01 
1.7972335e+03      -7.5683168115e+01 
1.7968864e+03      -7.5682736949e+01 
1.7978685e+03      -7.5683000186e+01 
1.7979129e+03      -7.5685277693e+01 
1.7970695e+03      -7.5682479323e+01 
1.7979058e+03      -7.5686759019e+01 
1.7963596e+03      -7.5682358316e+01 
1.7957875e+03      -7.5680737024e+01 
1.7966307e+03      -7.5679579928e+01 
1.7974132e+03      -7.5683046576e+01 
1.7969638e+03      -7.5686728737e+01 
1.7972836e+03      -7.5681713644e+01 
1.7976436e+03      -7.5681458286e+01 
1.7970455e+03      -7.5686800350e+01 
1.7973488e+03      -7.5685138690e+01 
1.7971117e+03      -7.5684717189e+01 
1.7969719e+03      -7.5685754545e+01 
1.7979007e+03      -7.5684336367e+01 
1.7981391e+03      -7.5687037698e+01 
1.7976861e+03      -7.5687342538e+01 
1.7974845e+03      -7.5685099647e+01 
1.7975931e+03      -7.5690171789e+01 
1.7973634e+03      -7.5687050543e+01 
1.7971923e+03      -7.5692361936e+01 
1.7976742e+03      -7.5688219175e+01 
1.7982432e+03      -7.5690468942e+01 
1.7972565e+03      -7.5695228205e+01 
1.7971658e+03      -7.5680892766e+01 
1.7965007e+03      -7.5683211624e+01 
1.7955551e+03      -7.5680275651e+01 
1.7966013e+03      -7.5680583991e+01 
1.7969741e+03      -7.5679115082e+01 
1.7962785e+03      -7.5679310131e+01 
1.7976572e+03      -7.5677917620e+01 
1.7972930e+03      -7.5682328509e+01 
1.7979321e+03      -7.5681301581e+01 
1.7973111e+03      -7.5686832658e+01 
1.7968995e+03      -7.5686206928e+01 
1.7973117e+03      -7.5685177365e+01 
1.7977679e+03      -7.5684511835e+01 
1.7980353e+03      -7.5684517590e+01 
1.7974956e+03      -7.5682509420e+01 
1.7975869e+03      -7.5683146443e+01 
1.7977832e+03      -7.5685044683e+01 
1.7974051e+03      -7.5683187415e+01 
1.7970288e+03      -7.5688179425e+01 
1.7970275e+03      -7.5688689274e+01 
1.7970002e+03      -7.5685749342e+01 
1.7976798e+03      -7.5680186882e+01 
1.7966948e+03      -7.5685812667e+01 
1.7970983e+03      -7.5685652970e+01 
1.7969724e+03      -7.5689768666e+01 
1.7971178e+03      -7.5683254592e+01 
1.7977644e+03      -7.5682172687e+01 
1.7974878e+03      -7.5679192425e+01 
1.7972690e+03      -7.5679944354e+01 
1.7982366e+03      -7.5682043497e+01 
1.7963022e+03      -7.5679508623e+01 
1.7967064e+03      -7.5684907240e+01 
1.7973112e+03      -7.5679836003e+01 
1.7966363e+03      -7.5680728095e+01 
1.7975676e+03      -7.5682141884e+01 
1.7969658e+03      -7.5683025764e+01 
1.7963033e+03      -7.5683533139e+01 
1.7977210e+03      -7.5687378034e+01 
1.7984035e+03      -7.5692502361e+01 
1.7983044e+03      -7.5685106853e+01 
1.7971490e+03      -7.5680455706e+01 
1.7971738e+03      -7.5678826756e+01 
1.7969975e+03      -7.5681228413e+01 
1.7968443e+03      -7.5679148510e+01 
1.7980080e+03      -7.5682737717e+01 
1.7986170e+03      -7.5688112255e+01 
1.7976714e+03      -7.5691407969e+01 
1.7972812e+03      -7.5682511341e+01 
1.7977066e+03      -7.5683515145e+01 
1.7977328e+03      -7.5681828061e+01 
1.7968962e+03      -7.5681539884e+01 
1.7971110e+03      -7.5681013833e+01 
1.7967808e+03      -7.5682315719e+01 
1.7971477e+03      -7.5679407192e+01 
1.7976470e+03      -7.5681862798e+01 
1.7965985e+03      -7.5683343857e+01 
1.7969147e+03      -7.5682927522e+01 
1.7976358e+03      -7.5683256084e+01 
1.7977047e+03      -7.5681700026e+01 
1.7964103e+03      -7.5678227873e+01 
1.7989761e+03      -7.5688037863e+01 
1.7980319e+03      -7.5686363736e+01 
1.7986306e+03      -7.5689455433e+01 
1.7978037e+03      -7.5690025111e+01 
1.7991560e+03      -7.5692460719e+01 
1.7977601e+03      -7.5681897193e+01 
1.7981688e+03      -7.5683444344e+01 
1.7968427e+03      -7.5687713517e+01 
1.7978777e+03      -7.5683029112e+01 
1.7978250e+03      -7.5684501254e+01 
1.7973756e+03      -7.5684116956e+01 
1.7971950e+03      -7.5683465160e+01 
1.7971404e+03      -7.5689391718e+01 
1.7968996e+03      -7.5677786874e+01 
1.7969733e+03      -7.5676526477e+01 
1.7968380e+03      -7.5680544290e+01 
1.7968497e+03      -7.5680151787e+01 
1.7963620e+03      -7.5678927853e+01 
1.7967230e+03      -7.5678286639e+01 
1.7967328e+03      -7.5677809157e+01 
1.7973873e+03      -7.5687139431e+01 
1.7973922e+03      -7.5682721990e+01 
1.7968885e+03      -7.5681603499e+01 
1.7977956e+03      -7.5685793230e+01 
1.7975613e+03      -7.5681725171e+01 
1.7969009e+03      -7.5682733080e+01 
1.7980801e+03      -7.5685416755e+01 
1.7972943e+03      -7.5682523987e+01 
1.7974248e+03      -7.5682391517e+01 
1.7972079e+03      -7.5682901928e+01 
1.7961063e+03      -7.5683380795e+01 
1.7963310e+03      -7.5682826452e+01 
1.7963118e+03      -7.5675160375e+01 
1.7964248e+03      -7.5686385077e+01 
1.7972298e+03      -7.5692185498e+01 
1.7980756e+03      -7.5692120158e+01 
1.7975694e+03      -7.5684461491e+01 
1.7967674e+03      -7.5685292800e+01 
1.7970090e+03      -7.5686468593e+01 
